300 12830 0
0
1 374 1 1
2 269 1 2
3 -97 1 3
4 -465 1 4
5 -615 1 5
6 110 1 6
7 72 1 7
8 -564 1 8
9 116 1 9
10 715 1 10
11 176 1 11
12 171 1 12
13 907 1 13
14 -417 1 14
15 434 1 15
16 -211 1 16
17 -156 1 17
18 324 1 18
19 198 1 19
20 -362 1 20
21 174 1 21
22 -716 1 22
23 174 1 23
24 599 1 24
25 370 1 25
26 -508 1 26
27 138 1 27
28 -198 1 28
29 257 1 29
30 108 1 30
31 227 1 31
32 -586 1 32
33 244 1 33
34 -447 1 34
35 -581 1 35
36 848 1 36
37 -216 1 37
38 -97 1 38
39 290 1 39
40 215 1 40
41 -1216 1 41
42 -431 1 42
43 -123 1 43
44 89 1 44
45 664 1 45
46 796 1 46
47 450 1 47
48 249 1 48
49 100 1 49
50 -549 1 50
51 164 1 51
52 -369 1 52
53 120 1 53
54 287 1 54
55 1285 1 55
56 591 1 56
57 303 1 57
58 151 1 58
59 549 1 59
60 417 1 60
61 935 1 61
62 -159 1 62
63 201 1 63
64 -293 1 64
65 -367 1 65
66 -23 1 66
67 195 1 67
68 -423 1 68
69 210 1 69
70 321 1 70
71 -699 1 71
72 377 1 72
73 102 1 73
74 -473 1 74
75 638 1 75
76 -658 1 76
77 315 1 77
78 702 1 78
79 501 1 79
80 -552 1 80
81 251 1 81
82 198 1 82
83 65 1 83
84 26 1 84
85 162 1 85
86 40 1 86
87 235 1 87
88 -23 1 88
89 24 1 89
90 -209 1 90
91 -348 1 91
92 733 1 92
93 -751 1 93
94 -577 1 94
95 51 1 95
96 196 1 96
97 -214 1 97
98 704 1 98
99 38 1 99
100 -495 1 100
101 -103 1 101
102 507 1 102
103 44 1 103
104 -75 1 104
105 -758 1 105
106 305 1 106
107 824 1 107
108 -65 1 108
109 -48 1 109
110 108 1 110
111 -544 1 111
112 -662 1 112
113 -1303 1 113
114 985 1 114
115 -118 1 115
116 -56 1 116
117 129 1 117
118 642 1 118
119 -340 1 119
120 13 1 120
121 -137 1 121
122 -219 1 122
123 54 1 123
124 -58 1 124
125 -293 1 125
126 -150 1 126
127 -255 1 127
128 -506 1 128
129 531 1 129
130 224 1 130
131 -83 1 131
132 62 1 132
133 682 1 133
134 45 1 134
135 -725 1 135
136 201 1 136
137 75 1 137
138 204 1 138
139 275 1 139
140 -553 1 140
141 148 1 141
142 -254 1 142
143 -38 1 143
144 23 1 144
145 -196 1 145
146 632 1 146
147 187 1 147
148 -375 1 148
149 74 1 149
150 -193 1 150
151 546 1 151
152 96 1 152
153 -411 1 153
154 -620 1 154
155 -294 1 155
156 -66 1 156
157 -118 1 157
158 242 1 158
159 -51 1 159
160 -361 1 160
161 509 1 161
162 884 1 162
163 -107 1 163
164 186 1 164
165 -656 1 165
166 -320 1 166
167 113 1 167
168 -200 1 168
169 107 1 169
170 -17 1 170
171 209 1 171
172 422 1 172
173 330 1 173
174 559 1 174
175 -1158 1 175
176 536 1 176
177 -215 1 177
178 462 1 178
179 -807 1 179
180 44 1 180
181 -262 1 181
182 1263 1 182
183 941 1 183
184 -81 1 184
185 -504 1 185
186 118 1 186
187 541 1 187
188 -201 1 188
189 -533 1 189
190 175 1 190
191 -455 1 191
192 -210 1 192
193 20 1 193
194 366 1 194
195 27 1 195
196 -69 1 196
197 300 1 197
198 -74 1 198
199 351 1 199
200 -26 1 200
201 -856 1 201
202 -14 1 202
203 219 1 203
204 -252 1 204
205 206 1 205
206 -472 1 206
207 -643 1 207
208 -122 1 208
209 -5 1 209
210 -222 1 210
211 -763 1 211
212 561 1 212
213 -647 1 213
214 -427 1 214
215 307 1 215
216 183 1 216
217 539 1 217
218 -95 1 218
219 -171 1 219
220 -178 1 220
221 -560 1 221
222 485 1 222
223 -473 1 223
224 -864 1 224
225 598 1 225
226 453 1 226
227 173 1 227
228 -321 1 228
229 -143 1 229
230 -49 1 230
231 -687 1 231
232 473 1 232
233 -96 1 233
234 211 1 234
235 -719 1 235
236 175 1 236
237 192 1 237
238 742 1 238
239 -406 1 239
240 -460 1 240
241 -465 1 241
242 -344 1 242
243 145 1 243
244 856 1 244
245 -304 1 245
246 213 1 246
247 280 1 247
248 354 1 248
249 -396 1 249
250 647 1 250
251 -40 1 251
252 -493 1 252
253 -344 1 253
254 215 1 254
255 -215 1 255
256 520 1 256
257 -572 1 257
258 -35 1 258
259 104 1 259
260 -324 1 260
261 -324 1 261
262 988 1 262
263 -107 1 263
264 148 1 264
265 495 1 265
266 -187 1 266
267 -204 1 267
268 -430 1 268
269 99 1 269
270 80 1 270
271 -175 1 271
272 -328 1 272
273 -86 1 273
274 388 1 274
275 -713 1 275
276 54 1 276
277 -574 1 277
278 3 1 278
279 -523 1 279
280 32 1 280
281 -877 1 281
282 -138 1 282
283 -39 1 283
284 354 1 284
285 -795 1 285
286 786 1 286
287 189 1 287
288 306 1 288
289 292 1 289
290 -115 1 290
291 -370 1 291
292 -490 1 292
293 52 1 293
294 -181 1 294
295 -413 1 295
296 -330 1 296
297 -114 1 297
298 21 1 298
299 396 1 299
300 -195 1 300
501 -72 2 1 29
502 126 2 1 30
503 -198 2 1 54
504 -78 2 1 56
505 110 2 1 58
506 46 2 1 60
507 54 2 1 77
508 -134 2 1 90
509 114 2 1 102
510 -194 2 1 117
511 -26 2 1 128
512 -134 2 1 145
513 158 2 1 147
514 102 2 1 183
515 -34 2 1 207
516 -44 2 1 237
517 102 2 1 246
518 -128 2 1 249
519 -130 2 1 251
520 102 2 1 267
521 -20 2 1 271
522 -156 2 1 284
523 22 2 1 292
541 -28 2 2 7
542 -34 2 2 30
543 -124 2 2 45
544 -92 2 2 50
545 -194 2 2 64
546 36 2 2 81
547 -58 2 2 87
548 -38 2 2 98
549 128 2 2 103
550 48 2 2 131
551 160 2 2 136
552 -150 2 2 140
553 -86 2 2 150
554 -98 2 2 151
555 -138 2 2 152
556 14 2 2 160
557 -110 2 2 167
558 22 2 2 188
559 -174 2 2 217
560 -104 2 2 223
561 -22 2 2 234
562 -148 2 2 256
563 -48 2 2 269
564 -26 2 2 279
565 -18 2 2 284
566 104 2 2 287
567 -158 2 2 296
598 -26 2 3 6
599 -180 2 3 19
600 120 2 3 38
601 4 2 3 42
602 172 2 3 53
603 -4 2 3 63
604 -68 2 3 91
605 142 2 3 93
606 114 2 3 95
607 8 2 3 105
608 -12 2 3 115
609 -194 2 3 133
610 -62 2 3 152
611 -190 2 3 167
612 -174 2 3 203
613 138 2 3 207
614 -148 2 3 220
615 114 2 3 226
616 -170 2 3 230
617 184 2 3 232
618 186 2 3 233
619 -62 2 3 240
620 48 2 3 245
621 -114 2 3 265
622 50 2 3 273
647 192 2 4 5
648 -192 2 4 25
649 -30 2 4 34
650 60 2 4 46
651 200 2 4 58
652 -120 2 4 68
653 190 2 4 76
654 -34 2 4 77
655 -90 2 4 78
656 132 2 4 85
657 -36 2 4 101
658 2 2 4 103
659 -196 2 4 113
660 198 2 4 140
661 24 2 4 148
662 148 2 4 149
663 -112 2 4 165
664 68 2 4 184
665 -134 2 4 200
666 14 2 4 225
667 -18 2 4 226
668 30 2 4 232
669 42 2 4 238
670 16 2 4 255
671 122 2 4 258
672 156 2 4 265
673 194 2 4 271
674 160 2 4 286
