400 12778 0
0
1 260 1 1
2 110 1 2
3 -284 1 3
4 27 1 4
5 -306 1 5
6 248 1 6
7 -75 1 7
8 389 1 8
9 -818 1 9
10 -489 1 10
11 -208 1 11
12 -551 1 12
13 820 1 13
14 -397 1 14
15 -286 1 15
16 401 1 16
17 458 1 17
18 23 1 18
19 583 1 19
20 -342 1 20
21 9 1 21
22 482 1 22
23 278 1 23
24 -51 1 24
25 -138 1 25
26 536 1 26
27 -9 1 27
28 285 1 28
29 106 1 29
30 292 1 30
31 -96 1 31
32 685 1 32
33 -1403 1 33
34 -12 1 34
35 -197 1 35
36 -688 1 36
37 832 1 37
38 381 1 38
39 -157 1 39
40 -100 1 40
41 549 1 41
42 -432 1 42
43 321 1 43
44 268 1 44
45 29 1 45
46 134 1 46
47 -111 1 47
48 -239 1 48
49 2 1 49
50 -38 1 50
51 3 1 51
52 -305 1 52
53 -37 1 53
54 756 1 54
55 72 1 55
56 222 1 56
57 -947 1 57
58 -951 1 58
59 840 1 59
60 -93 1 60
61 -231 1 61
62 -337 1 62
63 1109 1 63
64 221 1 64
65 271 1 65
66 -229 1 66
67 465 1 67
68 -11 1 68
69 118 1 69
70 190 1 70
71 -40 1 71
72 -236 1 72
73 -150 1 73
74 -844 1 74
75 26 1 75
76 -195 1 76
77 204 1 77
78 271 1 78
79 484 1 79
80 -184 1 80
81 36 1 81
82 -792 1 82
83 57 1 83
84 322 1 84
85 -190 1 85
86 -25 1 86
87 -412 1 87
88 165 1 88
89 257 1 89
90 -312 1 90
91 -435 1 91
92 573 1 92
93 159 1 93
94 37 1 94
95 -381 1 95
96 182 1 96
97 556 1 97
98 -452 1 98
99 -411 1 99
100 -289 1 100
101 -189 1 101
102 -217 1 102
103 107 1 103
104 -45 1 104
105 -647 1 105
106 34 1 106
107 -601 1 107
108 261 1 108
109 -128 1 109
110 300 1 110
111 -121 1 111
112 -456 1 112
113 84 1 113
114 367 1 114
115 466 1 115
116 -228 1 116
117 178 1 117
118 -14 1 118
119 -134 1 119
120 -317 1 120
121 468 1 121
122 -546 1 122
123 201 1 123
124 429 1 124
125 451 1 125
126 -23 1 126
127 -491 1 127
128 200 1 128
129 -15 1 129
130 -410 1 130
131 -125 1 131
132 313 1 132
133 -260 1 133
134 -452 1 134
135 -6 1 135
136 -538 1 136
137 -216 1 137
138 74 1 138
139 -364 1 139
140 -539 1 140
141 446 1 141
142 120 1 142
143 -557 1 143
144 217 1 144
145 172 1 145
146 177 1 146
147 -111 1 147
148 -922 1 148
149 -103 1 149
150 339 1 150
151 -391 1 151
152 308 1 152
153 -682 1 153
154 155 1 154
155 71 1 155
156 -484 1 156
157 256 1 157
158 407 1 158
159 551 1 159
160 -464 1 160
161 -361 1 161
162 -304 1 162
163 -246 1 163
164 -390 1 164
165 -276 1 165
166 549 1 166
167 -110 1 167
168 -173 1 168
169 511 1 169
170 -49 1 170
171 484 1 171
172 -134 1 172
173 -662 1 173
174 -113 1 174
175 325 1 175
176 -297 1 176
177 -325 1 177
178 -347 1 178
179 264 1 179
180 584 1 180
181 -273 1 181
182 -721 1 182
183 -155 1 183
184 121 1 184
185 -183 1 185
186 -579 1 186
187 187 1 187
188 887 1 188
189 263 1 189
190 -41 1 190
191 -19 1 191
192 -214 1 192
193 -189 1 193
194 -396 1 194
195 578 1 195
196 -144 1 196
197 228 1 197
198 2 1 198
199 71 1 199
200 234 1 200
201 -77 1 201
202 -892 1 202
203 587 1 203
204 -520 1 204
205 95 1 205
206 -730 1 206
207 581 1 207
208 -732 1 208
209 -636 1 209
210 -7 1 210
211 276 1 211
212 -294 1 212
213 356 1 213
214 -25 1 214
215 208 1 215
216 237 1 216
217 858 1 217
218 -540 1 218
219 -337 1 219
220 -193 1 220
221 -741 1 221
222 833 1 222
223 -215 1 223
224 -118 1 224
225 -35 1 225
226 -124 1 226
227 -695 1 227
228 305 1 228
229 -494 1 229
230 -186 1 230
231 -40 1 231
232 235 1 232
233 61 1 233
234 -396 1 234
235 -155 1 235
236 -730 1 236
237 27 1 237
238 -794 1 238
239 -807 1 239
240 -321 1 240
241 252 1 241
242 181 1 242
243 465 1 243
244 -243 1 244
245 593 1 245
246 -674 1 246
247 -374 1 247
248 -3 1 248
249 -335 1 249
250 1043 1 250
251 511 1 251
252 -571 1 252
253 -232 1 253
254 34 1 254
255 11 1 255
256 -1295 1 256
257 -76 1 257
258 364 1 258
259 -571 1 259
260 47 1 260
261 -279 1 261
262 -646 1 262
263 -634 1 263
264 282 1 264
265 -644 1 265
266 -596 1 266
267 203 1 267
268 394 1 268
269 -803 1 269
270 355 1 270
271 -17 1 271
272 -147 1 272
273 378 1 273
274 -534 1 274
275 -305 1 275
276 33 1 276
277 146 1 277
278 329 1 278
279 106 1 279
280 178 1 280
281 -236 1 281
282 -18 1 282
283 559 1 283
284 1126 1 284
285 496 1 285
286 -74 1 286
287 -397 1 287
288 -584 1 288
289 -260 1 289
290 478 1 290
291 -6 1 291
292 363 1 292
293 -77 1 293
294 -584 1 294
295 450 1 295
296 -514 1 296
297 -308 1 297
298 600 1 298
299 -148 1 299
300 -828 1 300
301 377 1 301
302 -189 1 302
303 176 1 303
304 102 1 304
305 -188 1 305
306 -251 1 306
307 168 1 307
308 216 1 308
309 13 1 309
310 278 1 310
311 337 1 311
312 474 1 312
313 -520 1 313
314 578 1 314
315 -99 1 315
316 416 1 316
317 106 1 317
318 2 1 318
319 -8 1 319
320 -21 1 320
321 -654 1 321
322 148 1 322
323 214 1 323
324 -545 1 324
325 -106 1 325
326 154 1 326
327 400 1 327
328 -358 1 328
329 65 1 329
330 253 1 330
331 564 1 331
332 479 1 332
333 -12 1 333
334 59 1 334
335 85 1 335
336 -24 1 336
337 659 1 337
338 -284 1 338
339 -324 1 339
340 -613 1 340
341 413 1 341
342 -134 1 342
343 394 1 343
344 59 1 344
345 -38 1 345
346 461 1 346
347 -142 1 347
348 420 1 348
349 -5 1 349
350 -1004 1 350
351 408 1 351
352 -571 1 352
353 -450 1 353
354 354 1 354
355 -550 1 355
356 317 1 356
357 54 1 357
358 279 1 358
359 -922 1 359
360 717 1 360
361 -385 1 361
362 573 1 362
363 -455 1 363
364 -739 1 364
365 -174 1 365
366 -279 1 366
367 400 1 367
368 804 1 368
369 121 1 369
370 -365 1 370
371 343 1 371
372 -203 1 372
373 -42 1 373
374 -83 1 374
375 -672 1 375
376 269 1 376
377 -628 1 377
378 -105 1 378
379 -223 1 379
380 -276 1 380
381 -55 1 381
382 756 1 382
383 386 1 383
384 -180 1 384
385 179 1 385
386 142 1 386
387 22 1 387
388 -38 1 388
389 83 1 389
390 -1233 1 390
391 -510 1 391
392 -940 1 392
393 -253 1 393
394 498 1 394
395 514 1 395
396 327 1 396
397 87 1 397
398 534 1 398
399 57 1 399
400 92 1 400
